-74136017 41080595
-74135883 41081029
-74135825 41081217
-74135917 41081217
-74136259 41081244
-74136837 41079995
-74138004 41079590
-74138752 41079445
-74140217 41079186
-74140034 41078736
-74139637 41077675
-74139257 41076701
-74138813 41075562
-74140568 41075249
-74141422 41074769
-74142307 41074189
-74142719 41073929
-74143009 41073655
-74143009 41073083
-74142490 41072732
-74142307 41072556
-74138523 41070084
-74138050 41069901
-74136890 41069108
-74135715 41068398
-74135076 41067982
-74134963 41067908
-74135349 41067681
-74135059 41067017
-74134417 41065194
-74134066 41064225
-74133490 41062780
-74133217 41062096
-74132769 41060975
-74132663 41060677
-74132373 41060006
-74131961 41058510
-74131900 41058045
-74131381 41055314
-74131198 41054314
-74131198 41054001
-74131076 41053750
-74130725 41051438
-74130328 41049454
-74130145 41048295
-74130023 41047539
-74129794 41045853
-74129626 41044922
-74129382 41043587
-74129073 41041827
-74129031 41041588
-74129962 41040162
-74130557 41039399
-74130908 41039010
-74131610 41037934
-74132006 41037324
-74132418 41036828
-74133471 41035332
-74132830 41034478
-74131656 41033158
-74130557 41031869
-74130905 41031232
-74129914 41030906
-74129062 41030626
-74127459 41030176
-74126818 41030000
-74125827 41029832
-74125293 41028192
-74125064 41027391
-74124591 41025873
-74124484 41025529
-74124362 41025034
-74124072 41024187
-74123655 41022851
-74123368 41021930
-74123187 41021349
-74122836 41020242
-74122668 41019754
-74121615 41019624
-74121386 41018869
-74120807 41018068
-74120395 41017137
-74120044 41016420
-74121569 41016107
-74121508 41015939
-74121219 41015131
-74120974 41014284
-74120868 41013986
-74120623 41013322
-74120379 41012651
-74120227 41012170
-74121508 41012437
-74121783 41011369
-74122027 41010530
-74121783 41008836
-74122210 41008615
-74122659 41008539
-74123403 41008626
-74124118 41008791
-74124301 41008615
-74124804 41008806
-74125003 41008875
-74126056 41009111
-74126162 41009103
-74127108 41009317
-74128268 41009676
-74128665 41009004
-74129153 41007806
-74129053 41007614
-74129246 41007426
-74129968 41007063
-74129995 41007015
-74130087 41006597
-74129887 41005897
-74130087 41004797
-74130887 41004897
-74130787 41003997
-74130726 41003260
-74130687 41002797
-74130687 41001897
-74129887 41001697
-74128887 41001497
-74128587 41001397
-74128687 41000297
-74128587 40999197
-74129687 40999397
-74129287 40998397
-74129887 40998197
-74128909 40997598
-74128387 40997397
-74127987 40996897
-74127287 40996197
-74126587 40995197
-74125987 40993697
-74125687 40992797
-74125487 40991897
-74125387 40991097
-74125087 40989797
-74125187 40989197
-74125587 40987697
-74125887 40986597
-74126287 40985397
-74126687 40983497
-74126887 40982397
-74127187 40981597
-74127387 40981097
-74128487 40979397
-74128087 40979197
-74127587 40977597
-74127287 40976797
-74126987 40975897
-74126687 40974997
-74126387 40973797
-74126187 40973197
-74125187 40971997
-74124887 40970897
-74124587 40970497
-74124387 40969897
-74124287 40969597
-74123887 40968997
-74123587 40968197
-74123287 40967497
-74123224 40967363
-74122487 40965797
-74123187 40965098
-74123687 40964498
-74123887 40964298
-74124087 40964098
-74125587 40962598
-74125987 40962098
-74126787 40961498
-74127997 40960451
-74128887 40959798
-74129287 40959598
-74129887 40959198
-74131087 40958098
-74132264 40957235
-74132395 40957139
-74132587 40956998
-74133087 40956598
-74133887 40955798
-74134487 40954698
-74134687 40954398
-74135087 40953698
-74135487 40952898
-74136187 40951698
-74136687 40950798
-74137087 40950398
-74137487 40949698
-74137787 40949098
-74137987 40948698
-74139300 40946353
-74139887 40944898
-74140187 40944298
-74140287 40943498
-74140487 40942898
-74140687 40942298
-74141486 40941246
-74142787 40940698
-74143687 40940398
-74144187 40940398
-74144687 40940098
-74145087 40940098
-74145987 40940298
-74146387 40938898
-74147287 40939098
-74148388 40939098
-74149388 40939298
-74149888 40937698
-74150588 40937798
-74151288 40937898
-74151888 40937498
-74152288 40936298
-74153188 40936398
-74154488 40935398
-74154988 40934898
-74155588 40934198
-74156288 40933798
-74155588 40933198
-74155892 40932932
-74156388 40932498
-74156188 40932198
-74155788 40931998
-74155388 40931898
-74154588 40931798
-74154788 40931098
-74155088 40930098
-74155288 40929398
-74155488 40928698
-74154688 40928598
-74154988 40927798
-74154988 40927198
-74155288 40926698
-74155388 40925998
-74155488 40925198
-74155488 40924498
-74155488 40923798
-74155488 40923198
-74155288 40922598
-74155388 40921898
-74155388 40921198
-74154888 40920698
-74154988 40920398
-74155188 40919698
-74155488 40918998
-74155688 40918198
-74155888 40917598
-74156088 40916798
-74156288 40916298
-74156288 40915998
-74156488 40915598
-74156688 40914798
-74157088 40913598
-74156288 40913498
-74155388 40913298
-74154388 40913198
-74154588 40911798
-74154688 40911198
-74153988 40910698
-74153188 40909998
-74152688 40909698
-74152288 40909398
-74151488 40908698
-74150688 40908198
-74149688 40907598
-74148988 40906898
-74148188 40906398
-74147488 40905898
-74146887 40905398
-74146487 40905098
-74145787 40904498
-74144887 40903898
-74145087 40902998
-74144187 40902998
-74143187 40902798
-74142387 40902598
-74141487 40902198
-74141287 40901298
-74141187 40900998
-74141087 40900598
-74141087 40900398
-74140887 40899298
-74140687 40898298
-74140487 40897299
-74140287 40896299
-74140187 40895299
-74139887 40894299
-74139687 40893299
-74139487 40892199
-74139387 40891599
-74139387 40891299
-74139287 40890799
-74139287 40890499
-74139187 40890099
-74139187 40889499
-74139187 40889299
-74138887 40888999
-74138987 40888599
-74138887 40887999
-74138787 40887299
-74138487 40886699
-74138401 40886095
-74138387 40885999
-74138187 40885299
-74138087 40884599
-74137987 40884299
-74137887 40883899
-74137687 40883199
-74137487 40882299
-74137387 40881799
-74137187 40881099
-74136987 40880399
-74136887 40879599
-74136687 40878799
-74136587 40878099
-74136387 40877399
-74135187 40877699
-74134487 40877899
-74134387 40877599
-74134187 40876899
-74133887 40876299
-74133087 40875699
-74132187 40874899
-74131487 40874399
-74130977 40873832
-74130587 40873399
-74130487 40873099
-74130187 40872899
-74129887 40872499
-74129587 40872099
-74129387 40871799
-74128887 40871099
-74128653 40870770
-74128287 40870299
-74128134 40870090
-74127787 40869599
-74127387 40868899
-74127252 40868616
-74126914 40868008
-74125646 40868573
-74125128 40867889
-74124637 40867180
-74124198 40866530
-74123719 40865806
-74123279 40865172
-74122635 40864288
-74122011 40863413
-74121441 40862646
-74120986 40862015
-74120587 40861499
-74120140 40860864
-74119823 40860409
-74119814 40859507
-74119947 40858775
-74120102 40858389
